The datapoints dropped from consideration due to not meeting the criteria for significance are: 
[MultiIndex([(9, 0.25, 1, 4.37305),
            (9,  0.5, 1, 4.37305),
            (9, 0.75, 1, 4.37305),
            (9,  1.0, 1, 4.37305),
            (9, 1.25, 1, 4.37305),
            (9,  1.5, 1, 4.37305),
            (9, 1.75, 1, 4.37305)],
           names=['concentration', 'sat_time', 'proton_peak_index', 'ppm']), MultiIndex([(9, 0.25, 2, 4.2058),
            (9,  0.5, 2, 4.2058),
            (9, 0.75, 2, 4.2058),
            (9,  1.0, 2, 4.2058),
            (9, 1.25, 2, 4.2058),
            (9,  1.5, 2, 4.2058),
            (9, 1.75, 2, 4.2058)],
           names=['concentration', 'sat_time', 'proton_peak_index', 'ppm']), MultiIndex([(9, 0.25, 3, 4.0516),
            (9,  0.5, 3, 4.0516),
            (9, 0.75, 3, 4.0516),
            (9,  1.0, 3, 4.0516),
            (9, 1.25, 3, 4.0516),
            (9,  1.5, 3, 4.0516),
            (9, 1.75, 3, 4.0516)],
           names=['concentration', 'sat_time', 'proton_peak_index', 'ppm']), MultiIndex([(9, 0.25, 4, 3.6962),
            (9,  0.5, 4, 3.6962),
            (9, 0.75, 4, 3.6962),
            (9,  1.0, 4, 3.6962),
            (9, 1.25, 4, 3.6962),
            (9,  1.5, 4, 3.6962),
            (9, 1.75, 4, 3.6962)],
           names=['concentration', 'sat_time', 'proton_peak_index', 'ppm']), MultiIndex([(9, 0.25, 5, 3.3030999999999997),
            (9,  0.5, 5, 3.3030999999999997),
            (9, 0.75, 5, 3.3030999999999997),
            (9,  1.0, 5, 3.3030999999999997),
            (9, 1.25, 5, 3.3030999999999997),
            (9,  1.5, 5, 3.3030999999999997),
            (9, 1.75, 5, 3.3030999999999997)],
           names=['concentration', 'sat_time', 'proton_peak_index', 'ppm']), MultiIndex([(9, 0.25, 6, 0.9400999999999999),
            (9,  0.5, 6, 0.9400999999999999),
            (9, 0.75, 6, 0.9400999999999999),
            (9,  1.0, 6, 0.9400999999999999),
            (9, 1.25, 6, 0.9400999999999999),
            (9,  1.5, 6, 0.9400999999999999),
            (9, 1.75, 6, 0.9400999999999999)],
           names=['concentration', 'sat_time', 'proton_peak_index', 'ppm'])]