The datapoints dropped from consideration due to not meeting the criteria for significance are: 
[MultiIndex([(9, 0.25, 1, 3.56205),
            (9,  0.5, 1, 3.56205),
            (9, 0.75, 1, 3.56205),
            (9,  1.0, 1, 3.56205),
            (9, 1.25, 1, 3.56205),
            (9,  1.5, 1, 3.56205),
            (9, 1.75, 1, 3.56205)],
           names=['concentration', 'sat_time', 'proton_peak_index', 'ppm']), MultiIndex([(9, 0.25, 2, 3.36435),
            (9,  0.5, 2, 3.36435),
            (9, 0.75, 2, 3.36435),
            (9,  1.0, 2, 3.36435),
            (9, 1.25, 2, 3.36435),
            (9,  1.5, 2, 3.36435),
            (9, 1.75, 2, 3.36435)],
           names=['concentration', 'sat_time', 'proton_peak_index', 'ppm']), MultiIndex([(9, 0.25, 3, 3.17225),
            (9,  0.5, 3, 3.17225),
            (9, 0.75, 3, 3.17225),
            (9,  1.0, 3, 3.17225),
            (9, 1.25, 3, 3.17225),
            (9,  1.5, 3, 3.17225),
            (9, 1.75, 3, 3.17225)],
           names=['concentration', 'sat_time', 'proton_peak_index', 'ppm']), MultiIndex([(9, 0.25, 7, 1.5199500000000001),
            (9,  0.5, 7, 1.5199500000000001),
            (9, 0.75, 7, 1.5199500000000001),
            (9,  1.0, 7, 1.5199500000000001),
            (9, 1.25, 7, 1.5199500000000001),
            (9,  1.5, 7, 1.5199500000000001),
            (9, 1.75, 7, 1.5199500000000001)],
           names=['concentration', 'sat_time', 'proton_peak_index', 'ppm'])]