The datapoints dropped from consideration due to not meeting the criteria for significance are: 
[MultiIndex([(9, 0.25, 1, 4.3196),
            (9,  0.5, 1, 4.3196),
            (9, 0.75, 1, 4.3196),
            (9,  1.0, 1, 4.3196),
            (9, 1.25, 1, 4.3196),
            (9,  1.5, 1, 4.3196),
            (9, 1.75, 1, 4.3196)],
           names=['concentration', 'sat_time', 'proton_peak_index', 'ppm']), MultiIndex([(9, 0.25, 2, 4.079000000000001),
            (9,  0.5, 2, 4.079000000000001),
            (9, 0.75, 2, 4.079000000000001),
            (9,  1.0, 2, 4.079000000000001),
            (9, 1.25, 2, 4.079000000000001),
            (9,  1.5, 2, 4.079000000000001),
            (9, 1.75, 2, 4.079000000000001)],
           names=['concentration', 'sat_time', 'proton_peak_index', 'ppm']), MultiIndex([(9, 0.25, 5, 3.23165),
            (9,  0.5, 5, 3.23165),
            (9, 0.75, 5, 3.23165),
            (9,  1.0, 5, 3.23165),
            (9, 1.25, 5, 3.23165),
            (9,  1.5, 5, 3.23165),
            (9, 1.75, 5, 3.23165)],
           names=['concentration', 'sat_time', 'proton_peak_index', 'ppm']), MultiIndex([(9, 0.25, 6, 1.1008499999999999),
            (9,  0.5, 6, 1.1008499999999999),
            (9, 0.75, 6, 1.1008499999999999),
            (9,  1.0, 6, 1.1008499999999999),
            (9, 1.25, 6, 1.1008499999999999),
            (9,  1.5, 6, 1.1008499999999999),
            (9, 1.75, 6, 1.1008499999999999)],
           names=['concentration', 'sat_time', 'proton_peak_index', 'ppm']), MultiIndex([(9, 0.25, 7, 0.86425),
            (9,  0.5, 7, 0.86425),
            (9, 0.75, 7, 0.86425),
            (9,  1.0, 7, 0.86425),
            (9, 1.25, 7, 0.86425),
            (9,  1.5, 7, 0.86425),
            (9, 1.75, 7, 0.86425)],
           names=['concentration', 'sat_time', 'proton_peak_index', 'ppm'])]