The datapoints dropped from consideration due to not meeting the criteria for significance are: 
[MultiIndex([(9, 0.25, 1, 3.56415),
            (9,  0.5, 1, 3.56415),
            (9, 0.75, 1, 3.56415),
            (9,  1.0, 1, 3.56415),
            (9, 1.25, 1, 3.56415),
            (9,  1.5, 1, 3.56415),
            (9, 1.75, 1, 3.56415)],
           names=['concentration', 'sat_time', 'proton_peak_index', 'ppm']), MultiIndex([(9, 0.25, 3, 2.17955),
            (9,  0.5, 3, 2.17955),
            (9, 0.75, 3, 2.17955),
            (9,  1.0, 3, 2.17955),
            (9, 1.25, 3, 2.17955),
            (9,  1.5, 3, 2.17955),
            (9, 1.75, 3, 2.17955)],
           names=['concentration', 'sat_time', 'proton_peak_index', 'ppm']), MultiIndex([(9, 0.25, 4, 1.9753500000000002),
            (9,  0.5, 4, 1.9753500000000002),
            (9, 0.75, 4, 1.9753500000000002),
            (9,  1.0, 4, 1.9753500000000002),
            (9, 1.25, 4, 1.9753500000000002),
            (9,  1.5, 4, 1.9753500000000002),
            (9, 1.75, 4, 1.9753500000000002)],
           names=['concentration', 'sat_time', 'proton_peak_index', 'ppm']), MultiIndex([(9, 0.25, 5, 1.64825),
            (9,  0.5, 5, 1.64825),
            (9, 0.75, 5, 1.64825),
            (9,  1.0, 5, 1.64825),
            (9, 1.25, 5, 1.64825),
            (9,  1.5, 5, 1.64825),
            (9, 1.75, 5, 1.64825)],
           names=['concentration', 'sat_time', 'proton_peak_index', 'ppm'])]